0.001000	0.00	1.200000
0.002000	0.00	1.280000
0.003000	0.00	1.360000
0.004000	-0.00	1.440000
0.005000	-0.01	1.520000
0.006000	-0.11	1.600000
0.007000	-2.20	1.679999
0.008000	-44.24	1.759977
0.009000	-935.74	1.839534
0.010000	-17726.95	1.910177
0.011000	-6849.49	1.812907
0.012000	-5418.27	1.824413
0.013000	-7981.93	1.850230
0.014000	-9339.22	1.850411
0.015000	-7509.51	1.837018
0.016000	-7487.38	1.841923
0.017000	-8234.89	1.847049
0.018000	-8075.01	1.844701
0.019000	-7730.61	1.843951
0.020000	-7887.18	1.846644
0.021000	-8019.46	1.847773
0.022000	-7946.73	1.847578
0.023000	-7944.59	1.848111
0.024000	-7986.55	1.848665
0.025000	-7995.03	1.848799
0.026000	-7983.70	1.848849
0.027000	-7990.58	1.849012
0.028000	-7999.05	1.849106
0.029000	-7994.74	1.849116
0.030000	-7992.68	1.849168
0.031000	-7994.08	1.849242
0.032000	-7993.13	1.849301
0.033000	-7989.77	1.849370
0.034000	-7987.63	1.849472
0.035000	-7986.54	1.849596
0.036000	-7984.47	1.849730
0.037000	-7982.51	1.849886
0.038000	-7980.93	1.850060
0.039000	-7979.38	1.850251
0.040000	-7977.82	1.850457
0.041000	-7975.94	1.850679
0.042000	-7974.64	1.850920
0.043000	-7973.04	1.851173
0.044000	-7971.76	1.851443
0.045000	-7970.56	1.851725
0.046000	-7969.19	1.852020
0.047000	-7968.08	1.852328
0.048000	-7966.83	1.852647
0.049000	-7965.94	1.852979
0.050000	-7964.96	1.853319
0.051000	-7964.12	1.853670
0.052000	-7963.26	1.854029
0.053000	-7962.59	1.854396
0.054000	-7961.97	1.854770
0.055000	-7961.18	1.855150
0.056000	-7961.11	1.855539
0.057000	-7960.51	1.855928
0.058000	-7960.53	1.856322
0.059000	-7960.39	1.856717
0.060000	-7959.82	1.857113
0.061000	-7959.73	1.857515
0.062000	-7959.74	1.857918
0.063000	-7960.01	1.858320
0.064000	-7959.89	1.858720
0.065000	-7960.24	1.859121
0.066000	-7959.98	1.859519
0.067000	-7959.45	1.859919
0.068000	-7960.31	1.860325
0.069000	-7960.21	1.860722
0.070000	-7959.92	1.861119
0.071000	-7959.99	1.861520
0.072000	-7960.70	1.861920
0.073000	-7960.59	1.862313
0.074000	-7960.36	1.862707
0.075000	-7961.06	1.863104
0.076000	-7960.56	1.863493
0.077000	-7961.74	1.863888
0.078000	-7960.44	1.864270
0.079000	-7961.95	1.864666
0.080000	-7961.27	1.865046
0.081000	-7962.01	1.865434
0.082000	-7962.45	1.865814
0.083000	-7962.52	1.866189
0.084000	-7962.94	1.866564
0.085000	-7962.69	1.866934
0.086000	-7963.76	1.867307
0.087000	-7963.69	1.867670
0.088000	-7964.22	1.868033
0.089000	-7964.68	1.868391
0.090000	-7965.92	1.868744
0.091000	-7965.59	1.869085
0.092000	-7965.99	1.869429
0.093000	-7967.44	1.869769
0.094000	-7967.77	1.870095
0.095000	-7968.05	1.870417
0.096000	-7968.33	1.870736
0.097000	-7969.49	1.871053
0.098000	-7969.63	1.871358
0.099000	-7969.62	1.871662
0.100000	-7971.18	1.871966
0.101000	-7971.74	1.872254
0.102000	-7971.61	1.872536
0.103000	-7972.59	1.872820
0.104000	-7973.05	1.873094
0.105000	-7973.93	1.873364
0.106000	-7974.15	1.873625
0.107000	-7974.84	1.873883
0.108000	-7975.39	1.874135
0.109000	-7975.68	1.874381
0.110000	-7976.30	1.874624
0.111000	-7976.62	1.874861
0.112000	-7977.18	1.875095
0.113000	-7977.64	1.875323
0.114000	-7978.22	1.875547
0.115000	-7978.50	1.875764
0.116000	-7978.89	1.875979
0.117000	-7979.03	1.876190
0.118000	-7979.64	1.876400
0.119000	-7980.41	1.876604
0.120000	-7980.56	1.876800
0.121000	-7981.00	1.876994
0.122000	-7980.98	1.877184
0.123000	-7981.35	1.877374
0.124000	-7981.78	1.877561
0.125000	-7982.53	1.877743
0.126000	-7982.03	1.877918
0.127000	-7982.80	1.878097
0.128000	-7982.93	1.878269
0.129000	-7983.66	1.878440
0.130000	-7983.25	1.878603
0.131000	-7983.68	1.878771
0.132000	-7984.38	1.878934
0.133000	-7984.21	1.879090
0.134000	-7984.49	1.879248
0.135000	-7984.81	1.879403
0.136000	-7985.04	1.879555
0.137000	-7985.40	1.879705
0.138000	-7985.78	1.879851
0.139000	-7985.43	1.879993
0.140000	-7985.97	1.880139
0.141000	-7986.04	1.880279
0.142000	-7986.40	1.880419
0.143000	-7986.40	1.880555
0.144000	-7986.90	1.880691
0.145000	-7986.67	1.880822
0.146000	-7987.19	1.880955
0.147000	-7986.91	1.881083
0.148000	-7987.72	1.881214
0.149000	-7987.29	1.881337
0.150000	-7988.00	1.881464
0.151000	-7987.81	1.881584
0.152000	-7988.18	1.881706
0.153000	-7988.25	1.881824
0.154000	-7988.32	1.881941
0.155000	-7988.59	1.882058
0.156000	-7988.59	1.882172
0.157000	-7989.01	1.882286
0.158000	-7989.12	1.882396
0.159000	-7988.83	1.882505
0.160000	-7989.28	1.882617
0.161000	-7989.16	1.882724
0.162000	-7989.76	1.882832
0.163000	-7989.33	1.882935
0.164000	-7989.69	1.883041
0.165000	-7989.95	1.883145
0.166000	-7989.72	1.883245
0.167000	-7990.12	1.883348
0.168000	-7989.99	1.883447
0.169000	-7990.55	1.883547
0.170000	-7989.96	1.883641
0.171000	-7990.62	1.883742
0.172000	-7990.34	1.883836
0.173000	-7990.51	1.883932
0.174000	-7990.89	1.884027
0.175000	-7990.72	1.884118
0.176000	-7990.95	1.884211
0.177000	-7990.68	1.884302
0.178000	-7991.08	1.884395
0.179000	-7990.96	1.884484
0.180000	-7991.26	1.884574
0.181000	-7991.13	1.884662
0.182000	-7991.19	1.884750
0.183000	-7991.24	1.884839
0.184000	-7991.41	1.884926
0.185000	-7991.49	1.885012
0.186000	-7991.73	1.885097
0.187000	-7991.21	1.885180
0.188000	-7991.53	1.885268
0.189000	-7991.83	1.885352
0.190000	-7991.51	1.885434
0.191000	-7992.21	1.885519
0.192000	-7991.34	1.885597
0.193000	-7991.88	1.885684
0.194000	-7991.68	1.885765
0.195000	-7992.07	1.885848
0.196000	-7992.11	1.885927
0.197000	-7991.84	1.886006
0.198000	-7992.24	1.886088
0.199000	-7991.73	1.886165
0.200000	-7992.04	1.886248
0.201000	-7992.15	1.886328
0.202000	-7992.34	1.886406
0.203000	-7992.01	1.886483
0.204000	-7992.07	1.886562
0.205000	-7992.32	1.886642
0.206000	-7992.13	1.886719
0.207000	-7992.49	1.886797
0.208000	-7991.97	1.886872
0.209000	-7992.67	1.886953
0.210000	-7992.28	1.887026
0.211000	-7992.54	1.887103
0.212000	-7992.07	1.887178
0.213000	-7992.43	1.887257
0.214000	-7992.50	1.887333
0.215000	-7992.70	1.887408
0.216000	-7992.59	1.887481
0.217000	-7992.20	1.887555
0.218000	-7992.62	1.887633
0.219000	-7992.53	1.887707
0.220000	-7992.53	1.887781
0.221000	-7992.62	1.887856
0.222000	-7992.77	1.887930
0.223000	-7992.57	1.888002
0.224000	-7992.81	1.888076
0.225000	-7992.44	1.888148
0.226000	-7992.88	1.888224
0.227000	-7992.37	1.888295
0.228000	-7992.71	1.888372
0.229000	-7992.69	1.888444
0.230000	-7992.68	1.888517
0.231000	-7993.11	1.888591
0.232000	-7992.79	1.888660
0.233000	-7992.83	1.888732
0.234000	-7992.66	1.888803
0.235000	-7993.00	1.888877
0.236000	-7992.73	1.888947
0.237000	-7993.07	1.889019
0.238000	-7993.00	1.889089
0.239000	-7992.79	1.889159
0.240000	-7993.01	1.889231
0.241000	-7992.90	1.889301
0.242000	-7993.03	1.889372
0.243000	-7992.85	1.889442
0.244000	-7993.01	1.889513
0.245000	-7993.08	1.889583
0.246000	-7993.09	1.889652
0.247000	-7992.97	1.889721
0.248000	-7993.27	1.889791
0.249000	-7993.14	1.889859
0.250000	-7992.88	1.889927
0.251000	-7993.13	1.889999
0.252000	-7993.19	1.890067
0.253000	-7993.22	1.890135
0.254000	-7993.18	1.890203
0.255000	-7993.18	1.890272
0.256000	-7993.18	1.890340
0.257000	-7993.34	1.890408
0.258000	-7993.13	1.890475
0.259000	-7993.20	1.890543
0.260000	-7993.44	1.890611
0.261000	-7993.27	1.890677
0.262000	-7993.50	1.890744
0.263000	-7993.04	1.890809
0.264000	-7993.55	1.890879
0.265000	-7993.09	1.890943
0.266000	-7993.71	1.891012
0.267000	-7993.39	1.891075
0.268000	-7993.43	1.891141
0.269000	-7993.59	1.891207
0.270000	-7993.39	1.891271
0.271000	-7993.69	1.891337
0.272000	-7993.34	1.891400
0.273000	-7993.54	1.891467
0.274000	-7993.65	1.891532
0.275000	-7993.72	1.891595
0.276000	-7993.58	1.891658
0.277000	-7993.79	1.891722
0.278000	-7993.40	1.891784
0.279000	-7993.76	1.891850
0.280000	-7993.83	1.891913
0.281000	-7993.76	1.891974
0.282000	-7993.81	1.892037
0.283000	-7993.64	1.892098
0.284000	-7993.79	1.892162
0.285000	-7993.74	1.892224
0.286000	-7993.72	1.892287
0.287000	-7994.01	1.892350
0.288000	-7993.74	1.892409
0.289000	-7994.05	1.892472
0.290000	-7993.90	1.892532
0.291000	-7993.85	1.892593
0.292000	-7993.40	1.892654
0.293000	-7994.05	1.892720
0.294000	-7994.04	1.892780
0.295000	-7994.28	1.892839
0.296000	-7993.91	1.892896
0.297000	-7993.73	1.892957
0.298000	-7993.97	1.893020
0.299000	-7993.92	1.893080
0.300000	-7994.03	1.893141
0.301000	-7994.11	1.893201
0.302000	-7994.19	1.893260
0.303000	-7994.09	1.893318
0.304000	-7993.68	1.893377
0.305000	-7994.26	1.893440
0.306000	-7994.01	1.893498
0.307000	-7994.31	1.893557
0.308000	-7994.18	1.893614
0.309000	-7993.94	1.893673
0.310000	-7994.21	1.893733
0.311000	-7994.08	1.893791
0.312000	-7994.28	1.893850
0.313000	-7994.12	1.893908
0.314000	-7994.27	1.893966
0.315000	-7994.10	1.894024
0.316000	-7994.19	1.894083
0.317000	-7994.45	1.894141
0.318000	-7994.04	1.894196
0.319000	-7994.32	1.894256
0.320000	-7994.15	1.894313
0.321000	-7994.35	1.894371
0.322000	-7994.52	1.894428
0.323000	-7994.15	1.894483
0.324000	-7994.41	1.894541
0.325000	-7994.42	1.894597
0.326000	-7994.30	1.894653
0.327000	-7994.49	1.894710
0.328000	-7994.32	1.894765
0.329000	-7994.58	1.894822
0.330000	-7994.21	1.894876
0.331000	-7994.48	1.894934
0.332000	-7994.43	1.894989
0.333000	-7994.49	1.895045
0.334000	-7994.45	1.895100
0.335000	-7994.74	1.895155
0.336000	-7994.28	1.895208
0.337000	-7994.56	1.895265
0.338000	-7994.75	1.895320
0.339000	-7994.39	1.895372
0.340000	-7994.65	1.895428
0.341000	-7994.57	1.895482
0.342000	-7994.46	1.895536
0.343000	-7994.79	1.895591
0.344000	-7994.65	1.895643
0.345000	-7994.76	1.895697
0.346000	-7994.44	1.895749
0.347000	-7994.95	1.895805
0.348000	-7994.57	1.895855
0.349000	-7994.77	1.895910
0.350000	-7994.82	1.895962
0.351000	-7994.62	1.896014
0.352000	-7994.93	1.896068
0.353000	-7994.39	1.896118
0.354000	-7994.89	1.896174
0.355000	-7994.60	1.896226
0.356000	-7995.25	1.896280
0.357000	-7994.85	1.896327
0.358000	-7994.77	1.896379
0.359000	-7994.64	1.896431
0.360000	-7994.84	1.896484
0.361000	-7994.96	1.896536
0.362000	-7994.83	1.896586
0.363000	-7995.06	1.896638
0.364000	-7994.74	1.896688
0.365000	-7994.93	1.896740
0.366000	-7994.95	1.896791
0.367000	-7995.14	1.896841
0.368000	-7994.79	1.896890
0.369000	-7995.05	1.896942
0.370000	-7994.98	1.896991
0.371000	-7994.81	1.897042
0.372000	-7995.24	1.897094
0.373000	-7995.19	1.897141
0.374000	-7994.98	1.897189
0.375000	-7994.89	1.897240
0.376000	-7995.07	1.897291
0.377000	-7994.98	1.897340
0.378000	-7995.29	1.897390
0.379000	-7995.35	1.897437
0.380000	-7994.88	1.897484
0.381000	-7995.13	1.897535
0.382000	-7995.01	1.897584
0.383000	-7995.36	1.897634
0.384000	-7994.94	1.897680
0.385000	-7995.25	1.897731
0.386000	-7995.21	1.897778
0.387000	-7995.49	1.897826
0.388000	-7995.05	1.897871
0.389000	-7995.24	1.897921
0.390000	-7995.45	1.897968
0.391000	-7995.07	1.898014
0.392000	-7995.41	1.898063
0.393000	-7995.06	1.898109
0.394000	-7995.44	1.898158
0.395000	-7995.11	1.898204
0.396000	-7995.12	1.898253
0.397000	-7995.59	1.898302
0.398000	-7995.66	1.898346
0.399000	-7995.36	1.898389
0.400000	-7995.16	1.898436
0.401000	-7995.22	1.898484
0.402000	-7995.07	1.898532
0.403000	-7995.80	1.898581
0.404000	-7995.24	1.898623
0.405000	-7995.57	1.898671
0.406000	-7994.99	1.898715
0.407000	-7996.18	1.898765
0.408000	-7995.25	1.898803
0.409000	-7995.62	1.898851
0.410000	-7995.17	1.898895
0.411000	-7995.41	1.898943
0.412000	-7995.76	1.898989
0.413000	-7995.43	1.899031
0.414000	-7995.56	1.899077
0.415000	-7995.59	1.899121
0.416000	-7995.46	1.899166
0.417000	-7995.67	1.899211
0.418000	-7995.53	1.899254
0.419000	-7995.54	1.899299
0.420000	-7995.66	1.899344
0.421000	-7995.83	1.899387
0.422000	-7995.41	1.899429
0.423000	-7995.59	1.899474
0.424000	-7995.67	1.899519
0.425000	-7995.73	1.899562
0.426000	-7995.65	1.899605
0.427000	-7995.51	1.899648
0.428000	-7995.65	1.899693
0.429000	-7995.63	1.899736
0.430000	-7996.06	1.899780
0.431000	-7995.60	1.899820
0.432000	-7995.77	1.899864
0.433000	-7995.73	1.899906
0.434000	-7995.73	1.899948
0.435000	-7995.66	1.899991
0.436000	-7995.87	1.900035
0.437000	-7995.46	1.900076
0.438000	-7995.98	1.900121
0.439000	-7995.83	1.900161
0.440000	-7995.88	1.900203
0.441000	-7995.82	1.900244
0.442000	-7995.73	1.900286
0.443000	-7996.07	1.900329
0.444000	-7995.54	1.900368
0.445000	-7995.91	1.900413
0.446000	-7995.51	1.900454
0.447000	-7996.17	1.900499
0.448000	-7995.63	1.900537
0.449000	-7996.05	1.900581
0.450000	-7995.72	1.900620
0.451000	-7996.21	1.900663
0.452000	-7995.65	1.900701
0.453000	-7995.86	1.900745
0.454000	-7995.91	1.900786
0.455000	-7995.68	1.900827
0.456000	-7995.94	1.900870
0.457000	-7995.93	1.900911
0.458000	-7996.29	1.900951
0.459000	-7995.52	1.900988
0.460000	-7995.99	1.901033
0.461000	-7995.67	1.901073
0.462000	-7996.18	1.901117
0.463000	-7995.93	1.901155
0.464000	-7995.97	1.901196
0.465000	-7996.04	1.901236
0.466000	-7995.61	1.901276
0.467000	-7996.03	1.901319
0.468000	-7995.96	1.901359
0.469000	-7995.92	1.901400
0.470000	-7995.78	1.901440
0.471000	-7996.25	1.901482
0.472000	-7995.58	1.901520
0.473000	-7996.28	1.901564
0.474000	-7995.74	1.901601
0.475000	-7996.03	1.901644
0.476000	-7995.87	1.901684
0.477000	-7995.98	1.901725
0.478000	-7996.06	1.901765
0.479000	-7996.01	1.901804
0.480000	-7996.00	1.901844
0.481000	-7996.00	1.901884
0.482000	-7995.91	1.901924
0.483000	-7995.87	1.901965
0.484000	-7995.93	1.902007
0.485000	-7996.02	1.902047
0.486000	-7996.34	1.902087
0.487000	-7995.91	1.902124
0.488000	-7996.05	1.902165
0.489000	-7996.03	1.902204
0.490000	-7995.98	1.902244
0.491000	-7995.87	1.902284
0.492000	-7996.26	1.902325
0.493000	-7996.14	1.902363
0.494000	-7996.17	1.902401
0.495000	-7996.23	1.902440
0.496000	-7995.90	1.902477
0.497000	-7996.14	1.902518
0.498000	-7996.09	1.902557
0.499000	-7996.16	1.902596
0.500000	-7996.27	1.902634
0.501000	-7996.18	1.902672
0.502000	-7996.26	1.902710
0.503000	-7995.90	1.902747
0.504000	-7996.47	1.902788
0.505000	-7996.33	1.902824
0.506000	-7996.28	1.902860
0.507000	-7995.94	1.902897
0.508000	-7996.44	1.902938
0.509000	-7996.25	1.902974
0.510000	-7996.48	1.903011
0.511000	-7996.40	1.903046
0.512000	-7996.33	1.903082
0.513000	-7996.32	1.903119
0.514000	-7996.27	1.903156
0.515000	-7996.45	1.903193
0.516000	-7996.48	1.903228
0.517000	-7996.44	1.903264
0.518000	-7996.60	1.903299
0.519000	-7996.23	1.903333
0.520000	-7996.44	1.903371
0.521000	-7996.74	1.903407
0.522000	-7996.51	1.903439
0.523000	-7996.58	1.903474
0.524000	-7996.49	1.903508
0.525000	-7996.60	1.903543
0.526000	-7996.57	1.903577
0.527000	-7996.67	1.903612
0.528000	-7996.79	1.903645
0.529000	-7996.71	1.903677
0.530000	-7996.38	1.903710
0.531000	-7996.77	1.903746
0.532000	-7996.79	1.903778
0.533000	-7996.71	1.903810
0.534000	-7996.93	1.903843
0.535000	-7996.75	1.903874
0.536000	-7996.72	1.903906
0.537000	-7996.88	1.903939
0.538000	-7996.58	1.903970
0.539000	-7997.10	1.904005
0.540000	-7997.01	1.904034
0.541000	-7996.99	1.904063
0.542000	-7996.95	1.904094
0.543000	-7996.72	1.904124
0.544000	-7996.89	1.904157
0.545000	-7997.03	1.904188
0.546000	-7997.19	1.904218
0.547000	-7996.92	1.904246
0.548000	-7997.08	1.904277
0.549000	-7996.97	1.904306
0.550000	-7997.12	1.904336
0.551000	-7997.03	1.904365
0.552000	-7997.48	1.904394
0.553000	-7996.79	1.904420
0.554000	-7997.06	1.904452
0.555000	-7997.04	1.904481
0.556000	-7997.46	1.904511
0.557000	-7997.48	1.904536
0.558000	-7997.15	1.904561
0.559000	-7997.31	1.904590
0.560000	-7996.92	1.904617
0.561000	-7997.28	1.904648
0.562000	-7997.64	1.904675
0.563000	-7996.92	1.904698
0.564000	-7997.45	1.904729
0.565000	-7997.33	1.904755
0.566000	-7997.44	1.904782
0.567000	-7997.44	1.904807
0.568000	-7997.35	1.904833
0.569000	-7997.70	1.904859
0.570000	-7997.10	1.904882
0.571000	-7997.30	1.904911
0.572000	-7997.45	1.904938
0.573000	-7997.65	1.904964
0.574000	-7997.48	1.904987
0.575000	-7997.62	1.905012
0.576000	-7997.23	1.905036
0.577000	-7997.57	1.905064
0.578000	-7997.28	1.905088
0.579000	-7997.70	1.905115
0.580000	-7997.61	1.905138
0.581000	-7997.68	1.905162
0.582000	-7997.44	1.905185
0.583000	-7997.51	1.905211
0.584000	-7997.70	1.905236
0.585000	-7997.79	1.905259
0.586000	-7997.40	1.905281
0.587000	-7997.41	1.905307
0.588000	-7997.53	1.905333
0.589000	-7997.95	1.905358
0.590000	-7997.71	1.905378
0.591000	-7997.46	1.905401
0.592000	-7997.75	1.905426
0.593000	-7997.60	1.905449
0.594000	-7997.56	1.905473
0.595000	-7997.75	1.905497
0.596000	-7997.51	1.905520
0.597000	-7997.69	1.905545
0.598000	-7997.68	1.905568
0.599000	-7997.97	1.905591
0.600000	-7997.53	1.905611
0.601000	-7997.53	1.905636
0.602000	-7997.70	1.905661
0.603000	-7998.05	1.905684
0.604000	-7997.53	1.905703
0.605000	-7997.55	1.905728
0.606000	-7997.91	1.905752
0.607000	-7997.76	1.905773
0.608000	-7997.70	1.905796
0.609000	-7997.72	1.905819
0.610000	-7997.57	1.905842
0.611000	-7997.96	1.905866
0.612000	-7997.96	1.905886
0.613000	-7997.66	1.905907
0.614000	-7997.41	1.905930
0.615000	-7997.85	1.905956
0.616000	-7998.01	1.905977
0.617000	-7997.95	1.905997
0.618000	-7997.59	1.906018
0.619000	-7997.63	1.906042
0.620000	-7997.73	1.906066
0.621000	-7997.92	1.906088
0.622000	-7997.87	1.906109
0.623000	-7998.12	1.906131
0.624000	-7997.75	1.906149
0.625000	-7997.61	1.906172
0.626000	-7997.72	1.906196
0.627000	-7997.82	1.906219
0.628000	-7998.02	1.906240
0.629000	-7997.67	1.906260
0.630000	-7997.88	1.906283
0.631000	-7997.80	1.906305
0.632000	-7997.93	1.906327
0.633000	-7998.15	1.906347
0.634000	-7997.86	1.906366
0.635000	-7997.65	1.906387
0.636000	-7998.06	1.906411
0.637000	-7997.35	1.906430
0.638000	-7998.38	1.906457
0.639000	-7997.88	1.906473
0.640000	-7998.18	1.906494
0.641000	-7997.35	1.906512
0.642000	-7998.07	1.906539
0.643000	-7997.93	1.906558
0.644000	-7997.84	1.906579
0.645000	-7998.00	1.906600
0.646000	-7997.89	1.906620
0.647000	-7998.17	1.906641
0.648000	-7997.90	1.906660
0.649000	-7998.15	1.906681
0.650000	-7997.57	1.906699
0.651000	-7997.95	1.906724
0.652000	-7998.02	1.906744
0.653000	-7998.14	1.906764
0.654000	-7997.89	1.906783
0.655000	-7997.79	1.906804
0.656000	-7998.28	1.906826
0.657000	-7998.17	1.906843
0.658000	-7997.87	1.906861
0.659000	-7997.91	1.906883
0.660000	-7997.86	1.906903
0.661000	-7998.14	1.906925
0.662000	-7998.03	1.906943
0.663000	-7998.20	1.906963
0.664000	-7997.62	1.906981
0.665000	-7998.27	1.907005
0.666000	-7997.95	1.907022
0.667000	-7998.32	1.907043
0.668000	-7998.04	1.907059
0.669000	-7998.00	1.907079
0.670000	-7998.03	1.907099
0.671000	-7998.11	1.907119
0.672000	-7998.01	1.907138
0.673000	-7997.96	1.907158
0.674000	-7998.33	1.907178
0.675000	-7997.97	1.907195
0.676000	-7998.37	1.907215
0.677000	-7997.93	1.907231
0.678000	-7997.86	1.907252
0.679000	-7998.45	1.907273
0.680000	-7998.24	1.907289
0.681000	-7997.89	1.907307
0.682000	-7997.99	1.907328
0.683000	-7998.15	1.907348
0.684000	-7998.34	1.907366
0.685000	-7998.38	1.907383
0.686000	-7997.85	1.907399
0.687000	-7998.32	1.907421
0.688000	-7997.89	1.907437
0.689000	-7998.56	1.907459
0.690000	-7997.88	1.907473
0.691000	-7998.29	1.907494
0.692000	-7998.07	1.907511
0.693000	-7998.31	1.907531
0.694000	-7998.36	1.907548
0.695000	-7998.04	1.907564
0.696000	-7998.26	1.907584
0.697000	-7998.10	1.907601
0.698000	-7998.40	1.907620
0.699000	-7998.29	1.907636
0.700000	-7998.31	1.907653
0.701000	-7998.15	1.907670
0.702000	-7997.87	1.907689
0.703000	-7998.24	1.907710
0.704000	-7998.60	1.907727
0.705000	-7998.18	1.907741
0.706000	-7998.26	1.907760
0.707000	-7998.38	1.907777
0.708000	-7998.26	1.907793
0.709000	-7998.33	1.907811
0.710000	-7998.20	1.907827
0.711000	-7998.19	1.907845
0.712000	-7998.39	1.907863
0.713000	-7998.38	1.907880
0.714000	-7998.16	1.907896
0.715000	-7998.39	1.907914
0.716000	-7998.22	1.907930
0.717000	-7998.49	1.907948
0.718000	-7998.16	1.907963
0.719000	-7998.35	1.907982
0.720000	-7998.45	1.907998
0.721000	-7998.29	1.908014
0.722000	-7998.53	1.908031
0.723000	-7998.42	1.908045
0.724000	-7998.14	1.908061
0.725000	-7998.42	1.908080
0.726000	-7998.33	1.908096
0.727000	-7998.54	1.908112
0.728000	-7998.28	1.908127
0.729000	-7998.25	1.908144
0.730000	-7998.59	1.908161
0.731000	-7998.31	1.908176
0.732000	-7998.38	1.908193
0.733000	-7998.39	1.908209
0.734000	-7998.60	1.908225
0.735000	-7998.58	1.908239
0.736000	-7998.23	1.908253
0.737000	-7998.14	1.908271
0.738000	-7998.56	1.908289
0.739000	-7998.60	1.908304
0.740000	-7998.56	1.908318
0.741000	-7998.23	1.908332
0.742000	-7998.27	1.908350
0.743000	-7998.60	1.908367
0.744000	-7998.41	1.908381
0.745000	-7998.72	1.908397
0.746000	-7998.57	1.908410
0.747000	-7998.52	1.908424
0.748000	-7998.19	1.908439
0.749000	-7998.45	1.908457
0.750000	-7998.71	1.908473
0.751000	-7998.39	1.908486
0.752000	-7998.28	1.908502
0.753000	-7998.78	1.908519
0.754000	-7998.59	1.908531
0.755000	-7998.45	1.908545
0.756000	-7998.62	1.908561
0.757000	-7998.46	1.908575
0.758000	-7998.42	1.908590
0.759000	-7998.54	1.908606
0.760000	-7998.66	1.908620
0.761000	-7998.74	1.908634
0.762000	-7998.47	1.908646
0.763000	-7998.41	1.908662
0.764000	-7998.47	1.908678
0.765000	-7998.56	1.908693
0.766000	-7998.52	1.908707
0.767000	-7998.82	1.908722
0.768000	-7998.98	1.908734
0.769000	-7998.28	1.908744
0.770000	-7998.40	1.908761
0.771000	-7998.53	1.908777
0.772000	-7998.69	1.908792
0.773000	-7998.59	1.908805
0.774000	-7998.69	1.908819
0.775000	-7998.61	1.908832
0.776000	-7998.55	1.908846
0.777000	-7998.40	1.908860
0.778000	-7998.85	1.908876
0.779000	-7998.82	1.908888
0.780000	-7998.54	1.908900
0.781000	-7998.61	1.908914
0.782000	-7998.67	1.908928
0.783000	-7998.62	1.908941
0.784000	-7998.76	1.908955
0.785000	-7998.48	1.908968
0.786000	-7998.66	1.908983
0.787000	-7998.74	1.908996
0.788000	-7999.03	1.909009
0.789000	-7998.25	1.909019
0.790000	-7998.78	1.909036
0.791000	-7998.73	1.909048
0.792000	-7998.71	1.909061
0.793000	-7999.02	1.909074
0.794000	-7998.39	1.909084
0.795000	-7998.66	1.909100
0.796000	-7998.51	1.909113
0.797000	-7999.06	1.909128
0.798000	-7998.59	1.909138
0.799000	-7998.86	1.909152
0.800000	-7998.46	1.909163
0.801000	-7999.02	1.909178
0.802000	-7998.93	1.909188
0.803000	-7998.39	1.909199
0.804000	-7998.74	1.909215
0.805000	-7998.54	1.909228
0.806000	-7999.35	1.909242
0.807000	-7998.49	1.909249
0.808000	-7998.62	1.909264
0.809000	-7998.78	1.909278
0.810000	-7998.80	1.909290
0.811000	-7999.07	1.909302
0.812000	-7998.56	1.909311
0.813000	-7998.68	1.909326
0.814000	-7998.92	1.909339
0.815000	-7998.96	1.909350
0.816000	-7998.74	1.909360
0.817000	-7998.58	1.909373
0.818000	-7998.87	1.909387
0.819000	-7998.73	1.909398
0.820000	-7998.92	1.909411
0.821000	-7998.81	1.909421
0.822000	-7998.81	1.909433
0.823000	-7998.95	1.909445
0.824000	-7998.64	1.909456
0.825000	-7998.88	1.909469
0.826000	-7998.85	1.909481
0.827000	-7998.85	1.909492
0.828000	-7998.98	1.909504
0.829000	-7998.70	1.909514
0.830000	-7999.03	1.909527
0.831000	-7998.68	1.909537
0.832000	-7999.02	1.909550
0.833000	-7998.71	1.909560
0.834000	-7998.99	1.909573
0.835000	-7998.76	1.909583
0.836000	-7998.80	1.909595
0.837000	-7999.38	1.909607
0.838000	-7998.46	1.909613
0.839000	-7999.19	1.909629
0.840000	-7998.42	1.909637
0.841000	-7999.21	1.909653
0.842000	-7998.88	1.909661
0.843000	-7998.77	1.909672
0.844000	-7998.98	1.909684
0.845000	-7998.97	1.909694
0.846000	-7998.95	1.909705
0.847000	-7998.75	1.909715
0.848000	-7998.99	1.909728
0.849000	-7998.94	1.909738
0.850000	-7999.03	1.909748
0.851000	-7998.81	1.909758
0.852000	-7998.92	1.909770
0.853000	-7998.95	1.909781
0.854000	-7998.99	1.909791
0.855000	-7999.01	1.909801
0.856000	-7998.90	1.909811
0.857000	-7999.01	1.909822
0.858000	-7998.70	1.909832
0.859000	-7998.93	1.909845
0.860000	-7999.16	1.909856
0.861000	-7999.08	1.909864
0.862000	-7998.85	1.909873
0.863000	-7998.83	1.909885
0.864000	-7999.17	1.909897
0.865000	-7999.00	1.909905
0.866000	-7998.99	1.909915
0.867000	-7999.04	1.909925
0.868000	-7998.66	1.909934
0.869000	-7999.12	1.909948
0.870000	-7998.93	1.909957
0.871000	-7999.20	1.909967
0.872000	-7998.96	1.909975
0.873000	-7998.79	1.909986
0.874000	-7998.97	1.909998
0.875000	-7999.25	1.910008
0.876000	-7999.33	1.910015
0.877000	-7998.80	1.910022
0.878000	-7998.97	1.910034
0.879000	-7998.74	1.910045
0.880000	-7998.92	1.910057
0.881000	-7999.41	1.910068
0.882000	-7998.96	1.910074
0.883000	-7999.25	1.910084
0.884000	-7998.61	1.910092
0.885000	-7999.28	1.910106
0.886000	-7998.92	1.910113
0.887000	-7999.22	1.910124
0.888000	-7998.95	1.910131
0.889000	-7999.00	1.910142
0.890000	-7999.29	1.910152
0.891000	-7998.73	1.910159
0.892000	-7999.12	1.910172
0.893000	-7999.37	1.910181
0.894000	-7998.88	1.910187
0.895000	-7999.16	1.910198
0.896000	-7998.94	1.910206
0.897000	-7999.00	1.910217
0.898000	-7999.31	1.910227
0.899000	-7998.75	1.910234
0.900000	-7999.31	1.910246
0.901000	-7999.03	1.910253
0.902000	-7999.31	1.910263
0.903000	-7999.19	1.910270
0.904000	-7998.75	1.910278
0.905000	-7999.13	1.910291
0.906000	-7999.12	1.910299
0.907000	-7999.27	1.910308
0.908000	-7999.01	1.910315
0.909000	-7999.15	1.910325
0.910000	-7998.94	1.910334
0.911000	-7999.25	1.910344
0.912000	-7999.27	1.910352
0.913000	-7998.94	1.910359
0.914000	-7999.14	1.910370
0.915000	-7999.24	1.910378
0.916000	-7999.17	1.910386
0.917000	-7998.89	1.910394
0.918000	-7999.27	1.910405
0.919000	-7999.11	1.910413
0.920000	-7999.22	1.910422
0.921000	-7998.96	1.910429
0.922000	-7999.29	1.910440
0.923000	-7999.11	1.910447
0.924000	-7999.46	1.910456
0.925000	-7998.87	1.910461
0.926000	-7999.26	1.910473
0.927000	-7999.06	1.910480
0.928000	-7999.09	1.910489
0.929000	-7999.14	1.910498
0.930000	-7999.29	1.910507
0.931000	-7999.15	1.910514
0.932000	-7999.23	1.910523
0.933000	-7999.13	1.910530
0.934000	-7999.15	1.910539
0.935000	-7999.27	1.910548
0.936000	-7998.95	1.910555
0.937000	-7999.52	1.910566
0.938000	-7998.93	1.910570
0.939000	-7999.32	1.910581
0.940000	-7998.88	1.910588
0.941000	-7999.53	1.910599
0.942000	-7999.28	1.910604
0.943000	-7999.17	1.910611
0.944000	-7999.11	1.910619
0.945000	-7999.03	1.910628
0.946000	-7999.32	1.910638
0.947000	-7999.28	1.910645
0.948000	-7999.27	1.910652
0.949000	-7999.25	1.910659
0.950000	-7999.15	1.910667
0.951000	-7999.15	1.910675
0.952000	-7998.87	1.910684
0.953000	-7999.57	1.910695
0.954000	-7999.10	1.910699
0.955000	-7999.74	1.910708
0.956000	-7998.95	1.910711
0.957000	-7999.12	1.910721
0.958000	-7999.25	1.910730
0.959000	-7999.11	1.910738
0.960000	-7999.40	1.910746
0.961000	-7999.32	1.910752
0.962000	-7999.19	1.910759
0.963000	-7999.31	1.910767
0.964000	-7999.12	1.910774
0.965000	-7999.28	1.910783
0.966000	-7999.06	1.910790
0.967000	-7999.56	1.910800
0.968000	-7999.17	1.910804
0.969000	-7999.39	1.910812
0.970000	-7999.17	1.910818
0.971000	-7999.19	1.910827
0.972000	-7999.00	1.910835
0.973000	-7999.53	1.910845
0.974000	-7999.41	1.910849
0.975000	-7999.04	1.910855
0.976000	-7999.61	1.910865
0.977000	-7999.06	1.910869
0.978000	-7999.39	1.910878
0.979000	-7999.31	1.910884
0.980000	-7999.19	1.910891
0.981000	-7999.20	1.910899
0.982000	-7999.03	1.910907
0.983000	-7999.50	1.910917
0.984000	-7999.58	1.910922
0.985000	-7999.07	1.910926
0.986000	-7999.32	1.910936
0.987000	-7999.25	1.910942
0.988000	-7999.27	1.910950
0.989000	-7999.28	1.910957
0.990000	-7999.40	1.910964
0.991000	-7999.82	1.910970
0.992000	-7998.96	1.910972
0.993000	-7999.22	1.910983
0.994000	-7999.20	1.910990
0.995000	-7999.29	1.910998
0.996000	-7999.43	1.911005
0.997000	-7999.41	1.911011
0.998000	-7999.63	1.911017
0.999000	-7998.73	1.911021
1.000000	-7999.62	1.911034
1.001000	-7999.27	1.911037
1.002000	-7999.26	1.911045
1.003000	-7999.27	1.911052
1.004000	-7999.47	1.911059
1.005000	-7999.47	1.911065
1.006000	-7999.39	1.911070
1.007000	-7999.07	1.911076
1.008000	-7999.52	1.911085
1.009000	-7999.17	1.911090
1.010000	-7999.65	1.911098
1.011000	-7999.19	1.911102
1.012000	-7999.44	1.911110
1.013000	-7999.29	1.911116
1.014000	-7999.13	1.911123
1.015000	-7999.48	1.911132
1.016000	-7999.58	1.911137
1.017000	-7999.30	1.911141
1.018000	-7999.34	1.911148
1.019000	-7999.30	1.911155
1.020000	-7999.37	1.911162
1.021000	-7999.23	1.911168
1.022000	-7999.52	1.911176
1.023000	-7999.43	1.911180
1.024000	-7999.33	1.911186
1.025000	-7999.43	1.911193
1.026000	-7999.50	1.911198
1.027000	-7999.17	1.911203
1.028000	-7999.39	1.911212
1.029000	-7999.70	1.911218
1.030000	-7999.02	1.911221
1.031000	-7999.45	1.911231
1.032000	-7999.40	1.911236
1.033000	-7999.79	1.911242
1.034000	-7999.18	1.911244
1.035000	-7999.11	1.911252
1.036000	-7999.46	1.911261
1.037000	-7999.44	1.911267
1.038000	-7999.72	1.911272
1.039000	-7999.33	1.911275
1.040000	-7999.28	1.911282
1.041000	-7999.36	1.911289
1.042000	-7999.25	1.911296
1.043000	-7999.44	1.911303
1.044000	-7999.40	1.911309
1.045000	-7999.79	1.911315
1.046000	-7999.34	1.911317
1.047000	-7999.56	1.911323
1.048000	-7999.20	1.911328
1.049000	-7999.37	1.911336
1.050000	-7999.35	1.911342
1.051000	-7999.58	1.911349
1.052000	-7999.39	1.911353
1.053000	-7999.44	1.911359
1.054000	-7999.37	1.911364
1.055000	-7999.32	1.911371
1.056000	-7999.62	1.911378
1.057000	-7999.39	1.911381
1.058000	-7999.50	1.911387
1.059000	-7999.44	1.911392
1.060000	-7999.55	1.911398
1.061000	-7999.48	1.911402
1.062000	-7999.30	1.911408
1.063000	-7999.44	1.911415
1.064000	-7999.21	1.911420
1.065000	-7999.80	1.911428
1.066000	-7999.21	1.911430
1.067000	-7999.93	1.911438
1.068000	-7999.34	1.911439
1.069000	-7999.27	1.911445
1.070000	-7999.42	1.911453
1.071000	-7999.38	1.911458
1.072000	-7999.57	1.911465
1.073000	-7999.53	1.911469
1.074000	-7999.36	1.911474
1.075000	-7999.61	1.911480
1.076000	-7999.55	1.911484
1.077000	-7999.41	1.911488
1.078000	-7999.37	1.911494
1.079000	-7999.52	1.911501
1.080000	-7999.59	1.911505
1.081000	-7999.52	1.911509
1.082000	-7999.52	1.911514
1.083000	-7999.42	1.911519
1.084000	-7999.36	1.911525
1.085000	-7999.36	1.911531
1.086000	-7999.65	1.911538
1.087000	-7999.57	1.911541
1.088000	-7999.61	1.911546
1.089000	-7999.48	1.911549
1.090000	-7999.30	1.911555
1.091000	-7999.39	1.911562
1.092000	-7999.70	1.911568
1.093000	-7999.63	1.911571
1.094000	-7999.73	1.911575
1.095000	-7999.23	1.911577
1.096000	-7999.44	1.911585
1.097000	-7999.11	1.911591
1.098000	-7999.83	1.911599
1.099000	-7999.74	1.911601
1.100000	-7999.59	1.911604
1.101000	-7999.40	1.911608
1.102000	-7999.43	1.911614
1.103000	-7999.52	1.911620
1.104000	-7999.36	1.911624
1.105000	-7999.73	1.911631
1.106000	-7999.52	1.911634
1.107000	-7999.77	1.911638
1.108000	-7999.17	1.911641
1.109000	-7999.41	1.911649
1.110000	-7999.80	1.911655
1.111000	-7999.53	1.911657
1.112000	-7999.48	1.911662
1.113000	-7999.55	1.911667
1.114000	-7999.56	1.911671
1.115000	-7999.70	1.911676
1.116000	-7999.33	1.911679
1.117000	-7999.66	1.911685
1.118000	-7999.40	1.911689
1.119000	-7999.52	1.911695
1.120000	-7999.79	1.911699
1.121000	-7999.32	1.911702
1.122000	-7999.80	1.911708
1.123000	-7999.36	1.911710
1.124000	-7999.61	1.911717
1.125000	-7999.31	1.911720
1.126000	-7999.98	1.911727
1.127000	-7999.39	1.911728
1.128000	-7999.73	1.911734
1.129000	-7999.25	1.911736
1.130000	-7999.47	1.911744
1.131000	-7999.73	1.911749
1.132000	-7999.74	1.911752
1.133000	-7999.53	1.911754
1.134000	-7999.47	1.911759
1.135000	-7999.55	1.911764
1.136000	-7999.65	1.911769
1.137000	-7999.49	1.911772
1.138000	-7999.52	1.911777
1.139000	-7999.90	1.911782
1.140000	-7999.48	1.911783
1.141000	-7999.69	1.911788
1.142000	-7999.10	1.911792
1.143000	-7999.67	1.911801
1.144000	-7999.74	1.911804
1.145000	-7999.74	1.911807
1.146000	-7999.60	1.911809
1.147000	-7999.62	1.911813
1.148000	-7999.72	1.911817
1.149000	-7999.24	1.911820
1.150000	-7999.71	1.911827
1.151000	-7999.54	1.911830
1.152000	-7999.70	1.911835
1.153000	-7999.60	1.911838
1.154000	-7999.23	1.911842
1.155000	-8000.06	1.911850
1.156000	-7999.47	1.911849
1.157000	-7999.77	1.911854
1.158000	-7999.62	1.911857
1.159000	-7999.61	1.911860
1.160000	-7999.61	1.911864
1.161000	-7999.46	1.911868
1.162000	-7999.61	1.911874
1.163000	-7999.56	1.911878
1.164000	-7999.74	1.911882
1.165000	-7999.59	1.911885
1.166000	-7999.62	1.911889
1.167000	-7999.52	1.911893
1.168000	-7999.81	1.911897
1.169000	-7999.60	1.911899
1.170000	-7999.67	1.911903
1.171000	-7999.48	1.911907
1.172000	-7999.58	1.911912
1.173000	-7999.56	1.911916
1.174000	-7999.77	1.911920
1.175000	-7999.65	1.911923
1.176000	-7999.68	1.911926
1.177000	-8000.00	1.911929
1.178000	-7999.24	1.911929
1.179000	-7999.71	1.911937
1.180000	-7999.32	1.911940
1.181000	-7999.83	1.911946
1.182000	-7999.71	1.911948
1.183000	-7999.75	1.911951
1.184000	-7999.70	1.911954
1.185000	-7999.39	1.911956
1.186000	-7999.96	1.911963
1.187000	-7999.32	1.911963
1.188000	-7999.77	1.911970
1.189000	-7999.28	1.911972
1.190000	-7999.90	1.911979
1.191000	-7999.70	1.911980
1.192000	-7999.96	1.911983
1.193000	-7999.67	1.911984
1.194000	-7999.44	1.911987
1.195000	-7999.60	1.911993
1.196000	-7999.70	1.911996
1.197000	-7999.75	1.911999
1.198000	-7999.57	1.912002
1.199000	-7999.76	1.912006
1.200000	-7999.44	1.912009
1.201000	-7999.72	1.912014
1.202000	-7999.70	1.912017
1.203000	-7999.99	1.912020
1.204000	-7999.56	1.912020
1.205000	-7999.78	1.912025
1.206000	-7999.38	1.912027
1.207000	-7999.74	1.912033
1.208000	-7999.59	1.912036
1.209000	-7999.73	1.912040
1.210000	-7999.73	1.912042
1.211000	-7999.66	1.912045
1.212000	-7999.75	1.912049
1.213000	-7999.74	1.912051
1.214000	-7999.66	1.912054
1.215000	-7999.46	1.912057
1.216000	-7999.87	1.912062
1.217000	-7999.69	1.912064
1.218000	-7999.81	1.912067
1.219000	-7999.71	1.912069
1.220000	-7999.55	1.912072
1.221000	-7999.55	1.912076
1.222000	-8000.06	1.912081
1.223000	-7999.53	1.912080
1.224000	-7999.79	1.912085
1.225000	-7999.58	1.912087
1.226000	-7999.44	1.912091
1.227000	-8000.01	1.912097
1.228000	-7999.63	1.912097
1.229000	-8000.03	1.912100
1.230000	-7999.40	1.912100
1.231000	-7999.76	1.912106
1.232000	-7999.66	1.912108
1.233000	-7999.74	1.912112
1.234000	-7999.62	1.912114
1.235000	-7999.82	1.912118
1.236000	-7999.92	1.912120
1.237000	-7999.52	1.912121
1.238000	-7999.52	1.912125
1.239000	-7999.80	1.912130
1.240000	-7999.95	1.912132
1.241000	-7999.76	1.912133
1.242000	-7999.30	1.912135
1.243000	-8000.03	1.912142
1.244000	-7999.89	1.912142
1.245000	-7999.75	1.912143
1.246000	-7999.54	1.912145
1.247000	-7999.45	1.912150
1.248000	-7999.84	1.912155
1.249000	-7999.87	1.912157
1.250000	-7999.66	1.912158
1.251000	-7999.74	1.912162
1.252000	-7999.91	1.912164
1.253000	-7999.74	1.912165
1.254000	-7999.50	1.912168
1.255000	-7999.77	1.912173
1.256000	-7999.71	1.912175
1.257000	-8000.03	1.912178
1.258000	-7999.79	1.912178
1.259000	-7999.60	1.912180
1.260000	-7999.66	1.912184
1.261000	-7999.55	1.912187
1.262000	-8000.02	1.912192
1.263000	-7999.44	1.912192
1.264000	-8000.03	1.912197
1.265000	-7999.64	1.912197
1.266000	-8000.03	1.912200
1.267000	-7999.63	1.912200
1.268000	-7999.69	1.912204
1.269000	-7999.47	1.912207
1.270000	-7999.92	1.912212
1.271000	-7999.98	1.912213
1.272000	-7999.70	1.912213
1.273000	-7999.66	1.912216
1.274000	-7999.69	1.912220
1.275000	-7999.99	1.912223
1.276000	-7999.89	1.912223
1.277000	-7999.42	1.912224
1.278000	-7999.91	1.912230
1.279000	-7999.69	1.912231
1.280000	-7999.74	1.912234
1.281000	-7999.70	1.912236
1.282000	-8000.01	1.912239
1.283000	-7999.84	1.912239
1.284000	-7999.58	1.912241
1.285000	-7999.85	1.912245
1.286000	-7999.64	1.912247
1.287000	-7999.84	1.912250
1.288000	-7999.69	1.912252
1.289000	-7999.96	1.912255
1.290000	-8000.01	1.912255
1.291000	-7999.65	1.912255
1.292000	-7999.43	1.912259
1.293000	-7999.83	1.912264
1.294000	-7999.89	1.912266
1.295000	-8000.11	1.912267
1.296000	-7999.45	1.912266
1.297000	-7999.74	1.912272
1.298000	-7999.80	1.912274
1.299000	-7999.79	1.912276
1.300000	-7999.77	1.912278
1.301000	-8000.04	1.912281
1.302000	-7999.75	1.912280
1.303000	-7999.58	1.912283
1.304000	-7999.88	1.912287
1.305000	-7999.77	1.912288
1.306000	-7999.94	1.912291
1.307000	-7999.84	1.912291
1.308000	-7999.66	1.912293
1.309000	-7999.78	1.912296
1.310000	-7999.63	1.912298
1.311000	-7999.99	1.912302
1.312000	-7999.95	1.912302
1.313000	-7999.81	1.912303
1.314000	-7999.37	1.912304
1.315000	-7999.94	1.912311
1.316000	-8000.00	1.912311
1.317000	-7999.89	1.912311
1.318000	-7999.62	1.912312
1.319000	-7999.74	1.912316
1.320000	-7999.93	1.912319
1.321000	-7999.73	1.912320
1.322000	-7999.91	1.912322
1.323000	-7999.86	1.912323
1.324000	-7999.67	1.912325
1.325000	-8000.00	1.912328
1.326000	-7999.54	1.912328
1.327000	-7999.97	1.912332
1.328000	-7999.92	1.912333
1.329000	-7999.61	1.912334
1.330000	-7999.75	1.912337
1.331000	-7999.91	1.912340
1.332000	-7999.82	1.912341
1.333000	-7999.94	1.912343
1.334000	-7999.79	1.912343
1.335000	-7999.83	1.912345
1.336000	-7999.83	1.912347
1.337000	-7999.84	1.912349
1.338000	-8000.01	1.912350
1.339000	-7999.40	1.912350
1.340000	-8000.05	1.912356
1.341000	-7999.63	1.912356
1.342000	-8000.06	1.912360
1.343000	-7999.80	1.912359
1.344000	-7999.89	1.912361
1.345000	-7999.85	1.912362
1.346000	-7999.97	1.912364
1.347000	-7999.49	1.912364
1.348000	-7999.91	1.912369
1.349000	-7999.74	1.912370
1.350000	-8000.05	1.912372
1.351000	-7999.85	1.912372
1.352000	-7999.70	1.912373
1.353000	-7999.71	1.912376
1.354000	-7999.78	1.912379
1.355000	-7999.98	1.912381
1.356000	-8000.05	1.912382
1.357000	-7999.89	1.912381
1.358000	-7999.77	1.912382
1.359000	-7999.43	1.912385
1.360000	-8000.06	1.912390
1.361000	-7999.81	1.912390
1.362000	-8000.19	1.912392
1.363000	-7999.87	1.912390
1.364000	-7999.84	1.912391
1.365000	-7999.38	1.912393
1.366000	-7999.97	1.912399
1.367000	-7999.97	1.912399
1.368000	-7999.72	1.912399
1.369000	-8000.15	1.912402
1.370000	-7999.77	1.912401
1.371000	-7999.97	1.912403
1.372000	-7999.47	1.912403
1.373000	-7999.97	1.912409
1.374000	-7999.78	1.912409
1.375000	-8000.05	1.912411
1.376000	-8000.06	1.912411
1.377000	-7999.68	1.912410
1.378000	-7999.83	1.912413
1.379000	-7999.70	1.912415
1.380000	-8000.14	1.912418
1.381000	-7999.37	1.912417
1.382000	-8000.36	1.912423
1.383000	-7999.64	1.912419
1.384000	-7999.98	1.912423
1.385000	-7999.78	1.912423
1.386000	-7999.97	1.912425
1.387000	-8000.05	1.912426
1.388000	-7999.65	1.912425
1.389000	-7999.92	1.912429
1.390000	-7999.53	1.912429
1.391000	-8000.17	1.912434
1.392000	-7999.75	1.912432
1.393000	-8000.15	1.912435
1.394000	-7999.71	1.912433
1.395000	-7999.79	1.912436
1.396000	-7999.83	1.912438
1.397000	-7999.88	1.912440
1.398000	-8000.11	1.912441
1.399000	-7999.66	1.912440
1.400000	-7999.94	1.912444
1.401000	-7999.84	1.912444
1.402000	-7999.85	1.912446
1.403000	-7999.93	1.912447
1.404000	-7999.96	1.912448
1.405000	-7999.88	1.912448
1.406000	-7999.74	1.912450
1.407000	-7999.90	1.912452
1.408000	-7999.81	1.912453
1.409000	-7999.91	1.912455
1.410000	-8000.11	1.912456
1.411000	-7999.74	1.912455
1.412000	-8000.00	1.912457
1.413000	-7999.56	1.912457
1.414000	-8000.30	1.912462
1.415000	-7999.75	1.912459
1.416000	-8000.01	1.912461
1.417000	-7999.60	1.912461
1.418000	-8000.03	1.912465
1.419000	-7999.90	1.912465
1.420000	-7999.90	1.912466
1.421000	-8000.03	1.912467
1.422000	-7999.66	1.912467
1.423000	-7999.94	1.912470
1.424000	-7999.90	1.912471
1.425000	-8000.05	1.912472
1.426000	-7999.85	1.912471
1.427000	-7999.77	1.912473
1.428000	-7999.82	1.912475
1.429000	-8000.02	1.912477
1.430000	-7999.72	1.912477
1.431000	-8000.13	1.912480
1.432000	-7999.75	1.912478
1.433000	-8000.12	1.912481
1.434000	-7999.71	1.912480
1.435000	-7999.71	1.912482
1.436000	-8000.21	1.912485
1.437000	-7999.88	1.912483
1.438000	-8000.00	1.912484
1.439000	-7999.76	1.912484
1.440000	-7999.74	1.912487
1.441000	-8000.11	1.912489
1.442000	-7999.83	1.912488
1.443000	-7999.96	1.912490
1.444000	-7999.85	1.912490
1.445000	-8000.00	1.912492
1.446000	-7999.81	1.912492
1.447000	-7999.82	1.912494
1.448000	-8000.03	1.912496
1.449000	-7999.99	1.912495
1.450000	-7999.72	1.912495
1.451000	-7999.82	1.912498
1.452000	-8000.13	1.912500
1.453000	-8000.02	1.912499
1.454000	-7999.97	1.912498
1.455000	-7999.57	1.912499
1.456000	-8000.02	1.912503
1.457000	-7999.95	1.912503
1.458000	-8000.09	1.912503
1.459000	-7999.32	1.912502
1.460000	-8000.44	1.912509
1.461000	-7999.49	1.912505
1.462000	-8000.25	1.912510
1.463000	-7999.91	1.912507
1.464000	-7999.93	1.912508
1.465000	-8000.15	1.912509
1.466000	-7999.62	1.912508
1.467000	-7999.96	1.912511
1.468000	-7999.97	1.912512
1.469000	-7999.82	1.912512
1.470000	-7999.71	1.912514
1.471000	-8000.11	1.912517
1.472000	-8000.08	1.912516
1.473000	-7999.71	1.912515
1.474000	-8000.04	1.912518
1.475000	-7999.93	1.912517
1.476000	-7999.90	1.912518
1.477000	-7999.77	1.912519
1.478000	-8000.32	1.912521
1.479000	-7999.71	1.912518
1.480000	-7999.92	1.912521
1.481000	-7999.82	1.912522
1.482000	-7999.82	1.912523
1.483000	-8000.03	1.912525
1.484000	-7999.87	1.912525
1.485000	-8000.08	1.912526
1.486000	-8000.03	1.912525
1.487000	-7999.74	1.912525
1.488000	-8000.09	1.912528
1.489000	-7999.73	1.912527
1.490000	-8000.01	1.912529
1.491000	-7999.80	1.912529
1.492000	-7999.98	1.912531
1.493000	-8000.06	1.912532
1.494000	-7999.94	1.912531
1.495000	-7999.65	1.912532
1.496000	-8000.35	1.912535
1.497000	-7999.65	1.912531
1.498000	-8000.09	1.912535
1.499000	-7999.72	1.912534
1.500000	-7999.97	1.912537
1.501000	-7999.94	1.912537
1.502000	-7999.88	1.912538
1.503000	-8000.10	1.912539
1.504000	-7999.72	1.912538
1.505000	-8000.20	1.912541
1.506000	-7999.90	1.912539
1.507000	-7999.98	1.912540
1.508000	-7999.63	1.912540
1.509000	-8000.19	1.912544
1.510000	-8000.00	1.912542
1.511000	-7999.74	1.912542
1.512000	-7999.68	1.912544
1.513000	-8000.16	1.912548
1.514000	-8000.19	1.912546
1.515000	-7999.78	1.912544
1.516000	-7999.98	1.912546
1.517000	-7999.81	1.912546
1.518000	-8000.17	1.912548
1.519000	-7999.77	1.912547
1.520000	-8000.03	1.912549
1.521000	-7999.85	1.912549
1.522000	-7999.83	1.912550
1.523000	-8000.37	1.912552
1.524000	-7999.30	1.912548
1.525000	-8000.46	1.912555
1.526000	-7999.76	1.912551
1.527000	-7999.95	1.912553
1.528000	-7999.78	1.912553
1.529000	-8000.06	1.912556
1.530000	-8000.08	1.912555
1.531000	-7999.65	1.912554
1.532000	-8000.15	1.912558
1.533000	-7999.81	1.912556
1.534000	-8000.02	1.912558
1.535000	-8000.21	1.912558
1.536000	-7999.88	1.912556
1.537000	-7999.90	1.912557
1.538000	-7999.76	1.912558
1.539000	-7999.92	1.912561
1.540000	-8000.00	1.912561
1.541000	-7999.87	1.912561
1.542000	-7999.92	1.912563
1.543000	-8000.18	1.912563
1.544000	-7999.92	1.912562
1.545000	-7999.93	1.912562
1.546000	-7999.90	1.912563
1.547000	-7999.82	1.912564
1.548000	-8000.20	1.912566
1.549000	-7999.88	1.912564
1.550000	-7999.83	1.912565
1.551000	-7999.90	1.912567
1.552000	-8000.29	1.912568
1.553000	-7999.54	1.912565
1.554000	-7999.97	1.912569
1.555000	-8000.10	1.912570
1.556000	-7999.95	1.912569
1.557000	-7999.96	1.912569
1.558000	-8000.09	1.912570
1.559000	-7999.83	1.912569
1.560000	-8000.08	1.912571
1.561000	-7999.63	1.912570
1.562000	-8000.19	1.912574
1.563000	-8000.10	1.912572
1.564000	-7999.73	1.912571
1.565000	-7999.97	1.912573
1.566000	-8000.10	1.912574
1.567000	-7999.62	1.912573
1.568000	-8000.15	1.912576
1.569000	-7999.83	1.912575
1.570000	-8000.17	1.912577
1.571000	-7999.86	1.912575
1.572000	-7999.97	1.912576
1.573000	-8000.02	1.912577
1.574000	-7999.89	1.912576
1.575000	-7999.82	1.912578
1.576000	-7999.98	1.912579
1.577000	-8000.07	1.912580
1.578000	-7999.97	1.912579
1.579000	-7999.99	1.912579
1.580000	-7999.78	1.912579
1.581000	-8000.12	1.912581
1.582000	-8000.00	1.912580
1.583000	-7999.94	1.912580
1.584000	-8000.13	1.912581
1.585000	-7999.51	1.912580
1.586000	-8000.02	1.912584
1.587000	-7999.76	1.912584
1.588000	-8000.44	1.912587
1.589000	-7999.86	1.912582
1.590000	-8000.18	1.912584
1.591000	-7999.81	1.912582
1.592000	-7999.69	1.912584
1.593000	-7999.97	1.912587
1.594000	-7999.96	1.912587
1.595000	-8000.01	1.912588
1.596000	-7999.90	1.912587
1.597000	-8000.24	1.912588
1.598000	-7999.94	1.912586
1.599000	-7999.56	1.912587
1.600000	-8000.19	1.912591
1.601000	-7999.89	1.912589
1.602000	-8000.03	1.912590
1.603000	-8000.03	1.912590
1.604000	-7999.84	1.912589
1.605000	-7999.88	1.912591
1.606000	-8000.16	1.912592
1.607000	-7999.92	1.912591
1.608000	-8000.04	1.912591
1.609000	-7999.70	1.912591
1.610000	-8000.32	1.912594
1.611000	-7999.68	1.912591
1.612000	-8000.23	1.912594
1.613000	-7999.71	1.912592
1.614000	-8000.15	1.912595
1.615000	-7999.85	1.912593
1.616000	-7999.89	1.912595
1.617000	-8000.10	1.912596
1.618000	-7999.92	1.912595
1.619000	-7999.97	1.912595
1.620000	-7999.76	1.912596
1.621000	-8000.06	1.912598
1.622000	-8000.11	1.912598
1.623000	-7999.86	1.912597
1.624000	-8000.02	1.912598
1.625000	-7999.95	1.912598
1.626000	-7999.94	1.912598
1.627000	-8000.06	1.912599
1.628000	-8000.16	1.912598
1.629000	-7999.65	1.912597
1.630000	-8000.01	1.912600
1.631000	-7999.91	1.912600
1.632000	-7999.91	1.912601
1.633000	-8000.09	1.912602
1.634000	-8000.02	1.912601
1.635000	-7999.89	1.912601
1.636000	-8000.01	1.912602
1.637000	-7999.69	1.912602
1.638000	-8000.19	1.912605
1.639000	-7999.96	1.912603
1.640000	-7999.96	1.912603
1.641000	-8000.01	1.912604
1.642000	-8000.04	1.912604
1.643000	-8000.06	1.912603
1.644000	-7999.81	1.912603
1.645000	-7999.98	1.912605
1.646000	-7999.90	1.912605
1.647000	-8000.06	1.912606
1.648000	-7999.99	1.912605
1.649000	-7999.79	1.912605
1.650000	-7999.97	1.912608
1.651000	-7999.88	1.912608
1.652000	-8000.34	1.912609
1.653000	-7999.62	1.912606
1.654000	-8000.38	1.912610
1.655000	-7999.47	1.912606
1.656000	-8000.36	1.912611
1.657000	-7999.94	1.912607
1.658000	-8000.35	1.912608
1.659000	-7999.77	1.912605
1.660000	-7999.73	1.912607
1.661000	-7999.85	1.912610
1.662000	-7999.92	1.912611
1.663000	-8000.12	1.912612
1.664000	-7999.77	1.912611
1.665000	-8000.36	1.912613
1.666000	-7999.90	1.912609
1.667000	-7999.82	1.912610
1.668000	-8000.29	1.912612
1.669000	-7999.52	1.912609
1.670000	-7999.86	1.912614
1.671000	-7999.98	1.912615
1.672000	-8000.36	1.912616
1.673000	-8000.21	1.912612
1.674000	-7999.71	1.912610
1.675000	-7999.84	1.912613
1.676000	-7999.69	1.912614
1.677000	-8000.11	1.912617
1.678000	-7999.91	1.912616
1.679000	-8000.33	1.912617
1.680000	-8000.07	1.912614
1.681000	-7999.88	1.912613
1.682000	-8000.05	1.912614
1.683000	-7999.52	1.912614
1.684000	-8000.18	1.912619
1.685000	-7999.91	1.912617
1.686000	-8000.09	1.912618
1.687000	-7999.84	1.912617
1.688000	-8000.02	1.912619
1.689000	-8000.13	1.912618
1.690000	-8000.02	1.912617
1.691000	-7999.76	1.912617
1.692000	-7999.96	1.912619
1.693000	-7999.76	1.912620
1.694000	-8000.44	1.912622
1.695000	-7999.89	1.912618
1.696000	-7999.98	1.912619
1.697000	-7999.91	1.912619
1.698000	-7999.92	1.912620
1.699000	-8000.00	1.912621
1.700000	-7999.84	1.912621
1.701000	-8000.34	1.912622
1.702000	-7999.81	1.912619
1.703000	-8000.02	1.912621
1.704000	-7999.67	1.912621
1.705000	-7999.82	1.912624
1.706000	-8000.15	1.912626
1.707000	-8000.26	1.912624
1.708000	-8000.13	1.912622
1.709000	-7999.78	1.912620
1.710000	-7999.98	1.912622
1.711000	-7999.75	1.912623
1.712000	-8000.08	1.912625
1.713000	-7999.96	1.912624
1.714000	-8000.05	1.912625
1.715000	-8000.16	1.912624
1.716000	-7999.66	1.912623
1.717000	-8000.18	1.912626
1.718000	-7999.78	1.912624
1.719000	-8000.03	1.912626
1.720000	-8000.15	1.912626
1.721000	-7999.84	1.912625
1.722000	-7999.93	1.912626
1.723000	-7999.94	1.912627
1.724000	-7999.98	1.912628
1.725000	-8000.14	1.912628
1.726000	-8000.05	1.912626
1.727000	-7999.91	1.912626
1.728000	-8000.05	1.912627
1.729000	-7999.80	1.912626
1.730000	-8000.08	1.912628
1.731000	-7999.86	1.912628
1.732000	-8000.14	1.912629
1.733000	-7999.75	1.912627
1.734000	-8000.03	1.912630
1.735000	-7999.97	1.912630
1.736000	-7999.92	1.912630
1.737000	-8000.07	1.912631
1.738000	-8000.12	1.912630
1.739000	-8000.06	1.912629
1.740000	-7999.75	1.912628
1.741000	-8000.09	1.912631
1.742000	-7999.74	1.912630
1.743000	-8000.12	1.912633
1.744000	-8000.03	1.912631
1.745000	-8000.09	1.912631
1.746000	-7999.90	1.912630
1.747000	-7999.76	1.912631
1.748000	-8000.28	1.912633
1.749000	-7999.63	1.912631
1.750000	-8000.09	1.912634
1.751000	-7999.88	1.912633
1.752000	-8000.20	1.912635
1.753000	-7999.97	1.912633
1.754000	-7999.96	1.912633
1.755000	-8000.02	1.912633
1.756000	-7999.94	1.912633
1.757000	-7999.98	1.912634
1.758000	-7999.72	1.912634
1.759000	-8000.19	1.912637
1.760000	-8000.00	1.912635
1.761000	-7999.93	1.912635
1.762000	-7999.83	1.912635
1.763000	-8000.21	1.912637
1.764000	-8000.13	1.912635
1.765000	-7999.74	1.912634
1.766000	-7999.98	1.912636
1.767000	-8000.16	1.912636
1.768000	-7999.89	1.912635
1.769000	-7999.80	1.912636
1.770000	-8000.00	1.912638
1.771000	-8000.27	1.912638
1.772000	-7999.68	1.912635
1.773000	-8000.16	1.912639
1.774000	-7999.80	1.912637
1.775000	-8000.06	1.912639
1.776000	-8000.07	1.912638
1.777000	-7999.81	1.912638
1.778000	-8000.23	1.912640
1.779000	-7999.80	1.912637
1.780000	-8000.29	1.912639
1.781000	-7999.55	1.912636
1.782000	-8000.33	1.912641
1.783000	-7999.46	1.912638
1.784000	-8000.44	1.912643
1.785000	-7999.76	1.912638
1.786000	-8000.14	1.912641
1.787000	-7999.98	1.912640
1.788000	-8000.08	1.912640
1.789000	-7999.81	1.912639
1.790000	-7999.82	1.912641
1.791000	-8000.25	1.912643
1.792000	-7999.88	1.912640
1.793000	-7999.97	1.912641
1.794000	-7999.85	1.912641
1.795000	-8000.29	1.912643
1.796000	-7999.66	1.912640
1.797000	-8000.05	1.912644
1.798000	-7999.97	1.912643
1.799000	-8000.29	1.912643
1.800000	-7999.68	1.912640
1.801000	-8000.23	1.912644
1.802000	-7999.76	1.912641
1.803000	-8000.01	1.912644
1.804000	-8000.16	1.912644
1.805000	-7999.89	1.912642
1.806000	-7999.76	1.912643
1.807000	-8000.28	1.912645
1.808000	-7999.48	1.912643
1.809000	-8000.28	1.912648
1.810000	-8000.14	1.912645
1.811000	-7999.99	1.912644
1.812000	-8000.00	1.912644
1.813000	-7999.81	1.912644
1.814000	-8000.03	1.912646
1.815000	-7999.85	1.912645
1.816000	-7999.86	1.912647
1.817000	-8000.18	1.912648
1.818000	-8000.06	1.912646
1.819000	-8000.14	1.912646
1.820000	-7999.94	1.912644
1.821000	-7999.92	1.912645
1.822000	-8000.01	1.912646
1.823000	-7999.64	1.912646
1.824000	-8000.10	1.912649
1.825000	-8000.16	1.912648
1.826000	-8000.11	1.912647
1.827000	-7999.82	1.912646
1.828000	-8000.09	1.912647
1.829000	-7999.64	1.912646
1.830000	-7999.93	1.912650
1.831000	-8000.23	1.912651
1.832000	-8000.11	1.912648
1.833000	-7999.99	1.912647
1.834000	-7999.74	1.912647
1.835000	-8000.00	1.912650
1.836000	-7999.96	1.912650
1.837000	-8000.27	1.912650
1.838000	-7999.72	1.912648
1.839000	-8000.27	1.912650
1.840000	-7999.81	1.912648
1.841000	-8000.03	1.912650
1.842000	-7999.86	1.912649
1.843000	-7999.74	1.912651
1.844000	-8000.22	1.912653
1.845000	-8000.02	1.912651
1.846000	-7999.99	1.912651
1.847000	-7999.85	1.912651
1.848000	-8000.17	1.912653
1.849000	-7999.79	1.912651
1.850000	-8000.25	1.912653
1.851000	-7999.91	1.912650
1.852000	-8000.05	1.912651
1.853000	-8000.02	1.912651
1.854000	-7999.76	1.912651
1.855000	-8000.21	1.912653
1.856000	-7999.63	1.912651
1.857000	-8000.27	1.912655
1.858000	-7999.82	1.912652
1.859000	-8000.07	1.912654
1.860000	-7999.89	1.912653
1.861000	-8000.05	1.912654
1.862000	-8000.07	1.912654
1.863000	-7999.90	1.912653
1.864000	-7999.75	1.912654
1.865000	-8000.18	1.912657
1.866000	-8000.16	1.912655
1.867000	-8000.11	1.912653
1.868000	-7999.81	1.912652
1.869000	-7999.84	1.912654
1.870000	-7999.83	1.912655
1.871000	-8000.12	1.912657
1.872000	-8000.02	1.912656
1.873000	-8000.19	1.912656
1.874000	-7999.96	1.912654
1.875000	-7999.84	1.912654
1.876000	-8000.04	1.912656
1.877000	-7999.79	1.912655
1.878000	-8000.25	1.912657
1.879000	-7999.76	1.912655
1.880000	-8000.50	1.912657
1.881000	-7999.68	1.912652
1.882000	-7999.89	1.912656
1.883000	-7999.60	1.912657
1.884000	-8000.02	1.912661
1.885000	-8000.24	1.912661
1.886000	-8000.00	1.912658
1.887000	-8000.22	1.912658
1.888000	-7999.81	1.912656
1.889000	-8000.06	1.912658
1.890000	-8000.02	1.912657
1.891000	-7999.89	1.912657
1.892000	-7999.74	1.912658
1.893000	-8000.29	1.912661
1.894000	-8000.06	1.912658
1.895000	-8000.01	1.912657
1.896000	-7999.88	1.912657
1.897000	-7999.87	1.912658
1.898000	-7999.97	1.912660
1.899000	-8000.02	1.912660
1.900000	-8000.08	1.912660
1.901000	-7999.90	1.912659
1.902000	-8000.01	1.912660
1.903000	-7999.91	1.912660
1.904000	-7999.85	1.912661
1.905000	-8000.37	1.912662
1.906000	-7999.98	1.912659
1.907000	-7999.79	1.912659
1.908000	-8000.04	1.912661
1.909000	-7999.96	1.912661
1.910000	-8000.04	1.912661
1.911000	-8000.01	1.912661
1.912000	-7999.81	1.912661
1.913000	-8000.07	1.912662
1.914000	-7999.95	1.912662
1.915000	-8000.20	1.912662
1.916000	-7999.80	1.912660
1.917000	-8000.08	1.912662
1.918000	-7999.86	1.912661
1.919000	-7999.95	1.912663
1.920000	-8000.17	1.912663
1.921000	-8000.14	1.912661
1.922000	-7999.86	1.912660
1.923000	-7999.70	1.912662
1.924000	-7999.92	1.912665
1.925000	-8000.03	1.912665
1.926000	-8000.14	1.912665
1.927000	-7999.99	1.912664
1.928000	-8000.12	1.912664
1.929000	-7999.96	1.912662
1.930000	-7999.95	1.912663
1.931000	-8000.06	1.912663
1.932000	-7999.82	1.912663
1.933000	-8000.00	1.912665
1.934000	-7999.90	1.912665
1.935000	-8000.16	1.912666
1.936000	-7999.91	1.912664
1.937000	-8000.06	1.912665
1.938000	-8000.00	1.912664
1.939000	-7999.80	1.912664
1.940000	-8000.16	1.912666
1.941000	-7999.79	1.912665
1.942000	-8000.19	1.912667
1.943000	-8000.08	1.912665
1.944000	-7999.91	1.912664
1.945000	-7999.73	1.912665
1.946000	-7999.99	1.912668
1.947000	-8000.19	1.912668
1.948000	-7999.96	1.912666
1.949000	-8000.14	1.912666
1.950000	-7999.68	1.912665
1.951000	-8000.28	1.912668
1.952000	-7999.93	1.912665
1.953000	-7999.87	1.912666
1.954000	-7999.99	1.912667
1.955000	-8000.06	1.912667
1.956000	-7999.96	1.912667
1.957000	-7999.88	1.912667
1.958000	-8000.03	1.912668
1.959000	-8000.08	1.912668
1.960000	-7999.96	1.912667
1.961000	-8000.03	1.912668
1.962000	-7999.97	1.912667
1.963000	-8000.10	1.912668
1.964000	-7999.70	1.912667
1.965000	-8000.13	1.912670
1.966000	-7999.95	1.912668
1.967000	-8000.06	1.912669
1.968000	-7999.98	1.912668
1.969000	-7999.95	1.912668
1.970000	-8000.01	1.912669
1.971000	-7999.85	1.912669
1.972000	-8000.40	1.912670
1.973000	-7999.79	1.912666
1.974000	-7999.91	1.912668
1.975000	-7999.78	1.912669
1.976000	-8000.16	1.912671
1.977000	-7999.98	1.912670
1.978000	-8000.06	1.912670
1.979000	-7999.97	1.912670
1.980000	-8000.11	1.912670
1.981000	-7999.93	1.912669
1.982000	-7999.96	1.912669
1.983000	-7999.80	1.912670
1.984000	-8000.15	1.912672
1.985000	-8000.05	1.912670
1.986000	-7999.94	1.912670
1.987000	-7999.94	1.912671
1.988000	-7999.81	1.912671
1.989000	-8000.32	1.912673
1.990000	-8000.09	1.912670
1.991000	-7999.98	1.912669
1.992000	-7999.86	1.912669
1.993000	-7999.90	1.912671
1.994000	-7999.99	1.912672
1.995000	-8000.03	1.912672
1.996000	-7999.87	1.912671
1.997000	-8000.00	1.912673
1.998000	-8000.06	1.912673
1.999000	-8000.08	1.912672
2.000000	-8000.01	1.912671
2.001000	-7999.83	1.912671
2.002000	-7999.93	1.912673
2.003000	-8000.18	1.912674
2.004000	-7999.98	1.912672
2.005000	-8000.13	1.912672
2.006000	-7999.70	1.912671
2.007000	-8000.24	1.912674
2.008000	-7999.93	1.912671
2.009000	-7999.91	1.912672
2.010000	-7999.82	1.912673
2.011000	-7999.94	1.912675
2.012000	-8000.14	1.912675
2.013000	-8000.01	1.912674
2.014000	-8000.26	1.912674
2.015000	-7999.91	1.912671
2.016000	-7999.95	1.912672
2.017000	-7999.94	1.912673
2.018000	-8000.04	1.912673
2.019000	-7999.53	1.912673
2.020000	-8000.33	1.912678
2.021000	-7999.92	1.912674
2.022000	-8000.18	1.912675
2.023000	-7999.97	1.912673
2.024000	-8000.04	1.912674
2.025000	-7999.91	1.912673
2.026000	-7999.80	1.912674
2.027000	-8000.15	1.912676
2.028000	-7999.82	1.912675
2.029000	-8000.50	1.912676
2.030000	-7999.49	1.912671
2.031000	-8000.26	1.912677
2.032000	-7999.79	1.912674
2.033000	-8000.11	1.912676
2.034000	-8000.00	1.912675
2.035000	-7999.72	1.912675
2.036000	-8000.47	1.912678
2.037000	-7999.60	1.912673
2.038000	-8000.43	1.912677
2.039000	-7999.75	1.912673
2.040000	-7999.94	1.912675
2.041000	-7999.69	1.912676
2.042000	-8000.23	1.912679
2.043000	-8000.02	1.912677
2.044000	-8000.11	1.912677
2.045000	-8000.15	1.912675
2.046000	-7999.78	1.912674
2.047000	-7999.85	1.912676
2.048000	-8000.12	1.912678
2.049000	-8000.05	1.912677
2.050000	-8000.11	1.912676
2.051000	-7999.88	1.912675
2.052000	-7999.80	1.912676
2.053000	-8000.10	1.912678
2.054000	-7999.97	1.912677
2.055000	-8000.30	1.912677
2.056000	-7999.78	1.912675
2.057000	-8000.10	1.912677
2.058000	-7999.73	1.912676
2.059000	-8000.01	1.912679
2.060000	-8000.10	1.912678
2.061000	-7999.86	1.912677
2.062000	-8000.04	1.912679
2.063000	-8000.09	1.912678
2.064000	-8000.05	1.912678
2.065000	-8000.11	1.912677
2.066000	-7999.73	1.912676
2.067000	-8000.01	1.912679
2.068000	-8000.06	1.912679
2.069000	-8000.05	1.912678
2.070000	-8000.01	1.912678
2.071000	-7999.91	1.912677
2.072000	-7999.95	1.912678
2.073000	-7999.81	1.912679
2.074000	-8000.31	1.912681
2.075000	-8000.24	1.912677
2.076000	-7999.80	1.912675
2.077000	-7999.80	1.912677
2.078000	-7999.91	1.912679
2.079000	-8000.01	1.912680
2.080000	-8000.24	1.912680
2.081000	-7999.95	1.912678
2.082000	-7999.85	1.912678
2.083000	-8000.10	1.912680
2.084000	-8000.07	1.912679
2.085000	-7999.67	1.912678
2.086000	-8000.33	1.912681
2.087000	-7999.90	1.912678
2.088000	-8000.09	1.912679
2.089000	-7999.74	1.912678
2.090000	-8000.20	1.912681
2.091000	-7999.91	1.912679
2.092000	-8000.28	1.912680
2.093000	-7999.57	1.912677
2.094000	-8000.29	1.912681
2.095000	-7999.78	1.912678
2.096000	-8000.00	1.912680
2.097000	-8000.15	1.912680
2.098000	-7999.87	1.912679
2.099000	-8000.03	1.912680
2.100000	-7999.83	1.912680
2.101000	-8000.09	1.912681
2.102000	-8000.21	1.912681
2.103000	-7999.84	1.912678
2.104000	-8000.15	1.912680
2.105000	-7999.88	1.912679
2.106000	-7999.98	1.912680
2.107000	-7999.97	1.912680
2.108000	-7999.97	1.912680
2.109000	-8000.18	1.912680
2.110000	-7999.85	1.912679
2.111000	-7999.99	1.912680
2.112000	-7999.76	1.912680
2.113000	-8000.36	1.912683
2.114000	-7999.92	1.912679
2.115000	-8000.02	1.912680
2.116000	-7999.93	1.912680
2.117000	-7999.95	1.912680
2.118000	-7999.91	1.912681
2.119000	-8000.16	1.912682
2.120000	-8000.03	1.912680
2.121000	-8000.00	1.912680
2.122000	-7999.90	1.912680
2.123000	-8000.22	1.912681
2.124000	-7999.96	1.912679
2.125000	-7999.84	1.912679
2.126000	-7999.78	1.912681
2.127000	-8000.24	1.912683
2.128000	-7999.90	1.912681
2.129000	-8000.13	1.912682
2.130000	-7999.85	1.912680
2.131000	-8000.09	1.912682
2.132000	-7999.98	1.912681
2.133000	-7999.91	1.912681
2.134000	-8000.17	1.912682
2.135000	-7999.99	1.912680
2.136000	-7999.95	1.912681
2.137000	-8000.14	1.912681
2.138000	-7999.98	1.912680
2.139000	-7999.73	1.912680
2.140000	-8000.04	1.912682
2.141000	-7999.96	1.912682
2.142000	-8000.12	1.912682
2.143000	-8000.19	1.912681
2.144000	-7999.85	1.912679
2.145000	-8000.07	1.912681
2.146000	-7999.86	1.912680
2.147000	-8000.02	1.912682
2.148000	-7999.87	1.912681
2.149000	-8000.09	1.912683
2.150000	-7999.98	1.912682
2.151000	-8000.21	1.912682
2.152000	-8000.00	1.912680
2.153000	-7999.64	1.912680
2.154000	-8000.19	1.912683
2.155000	-7999.82	1.912682
2.156000	-8000.09	1.912683
2.157000	-8000.20	1.912682
2.158000	-7999.93	1.912680
2.159000	-8000.06	1.912681
2.160000	-7999.99	1.912681
2.161000	-7999.75	1.912681
2.162000	-8000.01	1.912683
2.163000	-8000.15	1.912683
2.164000	-8000.15	1.912681
2.165000	-7999.90	1.912680
2.166000	-8000.06	1.912681
2.167000	-7999.80	1.912680
2.168000	-7999.84	1.912682
2.169000	-8000.23	1.912684
2.170000	-8000.02	1.912682
2.171000	-8000.24	1.912681
2.172000	-7999.66	1.912679
2.173000	-8000.19	1.912682
2.174000	-7999.66	1.912681
2.175000	-8000.02	1.912684
2.176000	-8000.24	1.912684
2.177000	-8000.06	1.912681
2.178000	-8000.06	1.912681
2.179000	-7999.88	1.912680
2.180000	-7999.91	1.912681
2.181000	-7999.97	1.912682
2.182000	-8000.14	1.912682
2.183000	-7999.82	1.912681
2.184000	-8000.10	1.912683
2.185000	-7999.88	1.912682
2.186000	-8000.27	1.912683
2.187000	-7999.98	1.912680
2.188000	-7999.94	1.912680
2.189000	-8000.07	1.912681
2.190000	-7999.69	1.912680
2.191000	-8000.10	1.912683
2.192000	-7999.91	1.912682
2.193000	-8000.26	1.912683
2.194000	-7999.78	1.912681
2.195000	-8000.08	1.912683
2.196000	-8000.01	1.912682
2.197000	-8000.17	1.912682
2.198000	-7999.99	1.912680
2.199000	-7999.89	1.912681
2.200000	-7999.81	1.912682
2.201000	-8000.12	1.912684
2.202000	-8000.28	1.912682
2.203000	-7999.83	1.912680
2.204000	-8000.16	1.912681
2.205000	-7999.78	1.912680
2.206000	-8000.02	1.912682
2.207000	-7999.77	1.912682
2.208000	-8000.05	1.912684
2.209000	-8000.33	1.912683
2.210000	-8000.05	1.912680
2.211000	-7999.94	1.912680
2.212000	-7999.76	1.912680
2.213000	-8000.06	1.912683
2.214000	-8000.20	1.912682
2.215000	-7999.88	1.912680
2.216000	-8000.22	1.912681
2.217000	-7999.61	1.912679
2.218000	-7999.83	1.912683
2.219000	-8000.23	1.912685
2.220000	-8000.17	1.912682
2.221000	-8000.16	1.912681
2.222000	-7999.88	1.912679
2.223000	-8000.02	1.912680
2.224000	-7999.81	1.912680
2.225000	-7999.99	1.912682
2.226000	-7999.85	1.912682
2.227000	-8000.29	1.912683
2.228000	-7999.85	1.912680
2.229000	-8000.16	1.912682
2.230000	-7999.77	1.912680
2.231000	-8000.07	1.912683
2.232000	-8000.15	1.912682
2.233000	-7999.95	1.912680
2.234000	-8000.17	1.912681
2.235000	-7999.73	1.912679
2.236000	-8000.23	1.912682
2.237000	-7999.88	1.912680
2.238000	-8000.07	1.912681
2.239000	-8000.09	1.912680
2.240000	-7999.83	1.912679
2.241000	-8000.06	1.912681
2.242000	-7999.94	1.912680
2.243000	-8000.04	1.912681
2.244000	-8000.07	1.912681
2.245000	-7999.77	1.912680
2.246000	-7999.94	1.912682
2.247000	-8000.14	1.912683
2.248000	-8000.04	1.912681
2.249000	-8000.23	1.912681
2.250000	-7999.99	1.912679
2.251000	-7999.89	1.912679
2.252000	-7999.79	1.912680
2.253000	-8000.04	1.912682
2.254000	-8000.30	1.912682
2.255000	-7999.86	1.912679
2.256000	-8000.00	1.912680
2.257000	-7999.92	1.912680
2.258000	-8000.08	1.912681
2.259000	-7999.90	1.912680
2.260000	-8000.03	1.912681
2.261000	-8000.11	1.912681
2.262000	-8000.12	1.912679
2.263000	-8000.10	1.912678
2.264000	-7999.67	1.912677
2.265000	-7999.98	1.912681
2.266000	-8000.04	1.912681
2.267000	-7999.98	1.912680
2.268000	-8000.10	1.912681
2.269000	-8000.14	1.912680
2.270000	-8000.19	1.912678
2.271000	-7999.62	1.912676
2.272000	-8000.11	1.912680
2.273000	-7999.75	1.912679
2.274000	-8000.28	1.912682
2.275000	-7999.72	1.912679
2.276000	-8000.21	1.912682
2.277000	-8000.05	1.912679
2.278000	-8000.06	1.912679
2.279000	-8000.08	1.912678
2.280000	-7999.86	1.912678
2.281000	-7999.97	1.912679
2.282000	-8000.05	1.912679
2.283000	-8000.01	1.912679
2.284000	-8000.17	1.912679
2.285000	-7999.70	1.912677
2.286000	-8000.14	1.912680
2.287000	-7999.94	1.912678
2.288000	-8000.09	1.912679
2.289000	-7999.84	1.912678
2.290000	-8000.22	1.912680
2.291000	-8000.05	1.912677
2.292000	-7999.59	1.912677
2.293000	-8000.31	1.912681
2.294000	-8000.09	1.912678
2.295000	-7999.98	1.912677
2.296000	-8000.05	1.912677
2.297000	-7999.95	1.912677
2.298000	-7999.87	1.912677
2.299000	-8000.02	1.912679
2.300000	-7999.91	1.912678
2.301000	-8000.21	1.912679
2.302000	-8000.14	1.912677
2.303000	-7999.96	1.912676
2.304000	-7999.87	1.912676
2.305000	-7999.99	1.912677
2.306000	-7999.93	1.912678
2.307000	-8000.08	1.912678
2.308000	-7999.83	1.912678
2.309000	-8000.33	1.912679
2.310000	-8000.00	1.912676
2.311000	-7999.95	1.912676
2.312000	-8000.04	1.912676
2.313000	-7999.61	1.912676
2.314000	-8000.34	1.912680
2.315000	-8000.24	1.912677
2.316000	-7999.57	1.912674
2.317000	-8000.30	1.912679
2.318000	-7999.90	1.912676
2.319000	-8000.28	1.912677
2.320000	-7999.50	1.912674
2.321000	-8000.12	1.912679
2.322000	-7999.99	1.912677
2.323000	-8000.16	1.912678
2.324000	-8000.10	1.912676
2.325000	-8000.09	1.912675
2.326000	-7999.93	1.912674
2.327000	-7999.84	1.912675
2.328000	-8000.06	1.912676
2.329000	-8000.05	1.912676
2.330000	-8000.04	1.912675
2.331000	-8000.13	1.912675
2.332000	-7999.82	1.912674
2.333000	-8000.08	1.912676
2.334000	-7999.89	1.912675
2.335000	-8000.10	1.912676
2.336000	-7999.89	1.912675
2.337000	-8000.06	1.912676
2.338000	-8000.18	1.912675
2.339000	-8000.06	1.912674
2.340000	-7999.95	1.912673
2.341000	-7999.86	1.912674
2.342000	-7999.98	1.912675
2.343000	-8000.11	1.912675
2.344000	-7999.93	1.912674
2.345000	-8000.22	1.912675
2.346000	-7999.74	1.912672
2.347000	-8000.07	1.912675
2.348000	-7999.94	1.912674
2.349000	-8000.27	1.912675
2.350000	-7999.93	1.912672
2.351000	-7999.97	1.912673
2.352000	-8000.01	1.912673
2.353000	-7999.83	1.912673
2.354000	-8000.16	1.912675
2.355000	-7999.97	1.912673
2.356000	-8000.01	1.912673
2.357000	-7999.95	1.912673
2.358000	-8000.34	1.912674
2.359000	-7999.98	1.912670
2.360000	-7999.92	1.912671
2.361000	-7999.72	1.912671
2.362000	-8000.15	1.912674
2.363000	-7999.96	1.912673
2.364000	-8000.16	1.912673
2.365000	-7999.95	1.912672
2.366000	-8000.03	1.912672
2.367000	-8000.18	1.912672
2.368000	-7999.80	1.912670
2.369000	-8000.14	1.912672
2.370000	-7999.76	1.912671
2.371000	-8000.14	1.912673
2.372000	-8000.16	1.912672
2.373000	-8000.13	1.912670
2.374000	-7999.94	1.912669
2.375000	-7999.56	1.912669
2.376000	-8000.20	1.912674
2.377000	-7999.96	1.912672
2.378000	-8000.23	1.912672
2.379000	-8000.00	1.912670
2.380000	-8000.16	1.912670
2.381000	-7999.82	1.912668
2.382000	-7999.85	1.912670
2.383000	-8000.00	1.912672
2.384000	-8000.06	1.912671
2.385000	-8000.23	1.912671
2.386000	-8000.03	1.912669
2.387000	-8000.02	1.912668
2.388000	-7999.87	1.912668
2.389000	-7999.90	1.912669
2.390000	-8000.01	1.912670
2.391000	-8000.02	1.912670
2.392000	-8000.36	1.912670
2.393000	-7999.68	1.912666
2.394000	-7999.99	1.912670
2.395000	-8000.39	1.912670
2.396000	-7999.76	1.912666
2.397000	-8000.08	1.912668
2.398000	-7999.88	1.912667
2.399000	-8000.02	1.912669
2.400000	-7999.95	1.912668
2.401000	-8000.24	1.912669
2.402000	-8000.00	1.912667
2.403000	-8000.10	1.912667
2.404000	-7999.89	1.912666
2.405000	-8000.02	1.912667
2.406000	-7999.99	1.912667
2.407000	-8000.02	1.912667
2.408000	-7999.85	1.912667
2.409000	-8000.00	1.912668
2.410000	-8000.11	1.912668
2.411000	-8000.08	1.912667
2.412000	-7999.98	1.912666
2.413000	-8000.00	1.912666
2.414000	-8000.24	1.912666
2.415000	-7999.88	1.912664
2.416000	-8000.01	1.912665
2.417000	-7999.93	1.912665
2.418000	-7999.98	1.912666
2.419000	-7999.98	1.912666
2.420000	-8000.12	1.912666
2.421000	-7999.98	1.912665
2.422000	-8000.03	1.912665
2.423000	-8000.16	1.912665
2.424000	-8000.08	1.912663
2.425000	-7999.68	1.912662
2.426000	-7999.99	1.912666
2.427000	-8000.24	1.912666
2.428000	-7999.97	1.912663
2.429000	-7999.91	1.912664
2.430000	-8000.25	1.912664
2.431000	-7999.82	1.912662
2.432000	-8000.11	1.912664
2.433000	-8000.17	1.912663
2.434000	-7999.85	1.912661
2.435000	-7999.89	1.912662
2.436000	-7999.97	1.912663
2.437000	-8000.28	1.912664
2.438000	-8000.06	1.912661
2.439000	-7999.81	1.912660
2.440000	-7999.83	1.912662
2.441000	-8000.16	1.912664
2.442000	-8000.22	1.912662
2.443000	-8000.01	1.912660
2.444000	-7999.94	1.912660
2.445000	-8000.10	1.912661
2.446000	-7999.71	1.912660
2.447000	-8000.24	1.912663
2.448000	-8000.03	1.912660
2.449000	-8000.06	1.912660
2.450000	-7999.85	1.912659
2.451000	-8000.12	1.912661
2.452000	-8000.13	1.912660
2.453000	-8000.15	1.912658
2.454000	-7999.64	1.912657
2.455000	-8000.08	1.912661
2.456000	-8000.07	1.912660
2.457000	-8000.05	1.912659
2.458000	-7999.80	1.912659
2.459000	-8000.53	1.912661
2.460000	-7999.72	1.912655
2.461000	-7999.89	1.912658
2.462000	-8000.13	1.912659
2.463000	-8000.10	1.912658
2.464000	-7999.93	1.912657
2.465000	-8000.13	1.912658
2.466000	-7999.86	1.912656
2.467000	-8000.28	1.912658
2.468000	-7999.73	1.912655
2.469000	-8000.11	1.912658
2.470000	-7999.97	1.912656
2.471000	-8000.14	1.912657
2.472000	-8000.17	1.912655
2.473000	-7999.70	1.912654
2.474000	-8000.09	1.912657
2.475000	-7999.98	1.912656
2.476000	-8000.16	1.912656
2.477000	-7999.84	1.912654
2.478000	-8000.11	1.912656
2.479000	-8000.06	1.912655
2.480000	-7999.98	1.912654
2.481000	-8000.27	1.912655
2.482000	-7999.94	1.912652
2.483000	-7999.86	1.912652
2.484000	-7999.89	1.912654
2.485000	-8000.15	1.912655
2.486000	-8000.12	1.912653
2.487000	-7999.91	1.912652
2.488000	-8000.12	1.912653
2.489000	-7999.93	1.912652
2.490000	-7999.97	1.912653
2.491000	-8000.24	1.912653
2.492000	-8000.13	1.912650
2.493000	-7999.59	1.912649
2.494000	-8000.24	1.912653
2.495000	-8000.01	1.912651
2.496000	-8000.21	1.912651
2.497000	-7999.84	1.912649
2.498000	-7999.94	1.912650
2.499000	-8000.15	1.912651
2.500000	-7999.94	1.912649
